     1	5.7
     2	5.6
     3	5.3
     4	5.2
     5	5.5
     6	5.9
     7	5.8
     8	5.1
     9	5.4
    10	5.1
    11	5.8
    12	5.3
    13	5.9
    14	5.3
    15	5.3
    16	5.0
    17	5.8
    18	5.5
    19	5.0
    20	5.6
    21	5.5
    22	5.3
    23	5.1
    24	5.7
    25	5.4
    26	5.8
    27	5.9
    28	5.5
    29	5.7
    30	5.7
    31	5.5
    32	5.6
    33	5.1
    34	5.7
    35	5.9
    36	5.9
    37	5.1
    38	5.1
    39	5.8
    40	5.7
    41	5.2
    42	5.8
    43	5.3
    44	5.8
    45	5.5
    46	5.6
    47	5.0
    48	5.4
    49	5.6
    50	5.4
    51	5.4
    52	5.3
    53	5.7
    54	5.6
    55	6.0
    56	5.3
    57	5.1
    58	5.5
    59	5.3
    60	5.3
    61	5.5
    62	5.7
    63	5.6
    64	5.1
    65	5.9
    66	5.4
    67	5.9
    68	5.6
    69	5.3
    70	5.0
    71	5.6
    72	5.5
    73	5.1
    74	5.8
    75	5.5
    76	5.7
    77	5.4
    78	5.1
    79	5.8
    80	5.0
    81	5.4
    82	5.6
    83	5.0
    84	5.6
    85	5.4
    86	5.1
    87	5.1
    88	5.1
    89	5.7
    90	5.8
    91	5.5
    92	5.7
    93	5.5
    94	5.2
    95	5.3
    96	5.5
    97	5.9
    98	5.3
    99	5.3
   100	5.9
