01         0      1      0      6     10      1     11     10      2     41
02         3      5      0      2      6      2      3     11      3     35
03         1      3      0      1      2      0      5      7      1     20
04         2      4      3     11     24      9     20     11     29    113
05         0      3      1      1      4      0      8      3      2     22
06         2      2      0      2      7      1      6      4      4     28
07         1      3      0      1      6      1     24     22      3     61
08         3      0      0      0      2      0      7      3      0     15
09         3      2      0      2      5      0      1      1      2     16
10         4      8      1      6     10      1     12      2      4     48
11         2      4      0      5      4      2     15     10     11     53
12         4      9      0      6     12      2      9     10      8     60
13         2      3      0      3     12      1      5      9      1     36
14         3      4      1      8     12      1     14      8      7     58
15         1      4      0      6      7      2     10      5      4     39
16         1      4      0     16     13      6      6      6      1     53
17         3      1      1      2      8      4     11      3      4     37
18         1      4      1      6     10      3     12      4      6     47
19         6     16      0     10      9      2     12     17      6     78
20         2      5      1      5     22     10      7      5     22     79
21         0      1      0      9     37     16      5     16     17    101
22         0      2      0      1      2      0      4      1      2     12
23         0      8      0      4      7      3      7      6      4     39
24         3      8      4      7     13      3     15     18      6     77
25         2      3      0      2      5      5     13     10     26     66
26         2      8      0      0      2      0      3      4      6     25
27         0      4      0      3      4      1      7      3      0     22
28         5      9      0     11     30      5     32     17     10    119
29         0      1      0      1      0      0      1      1      0      4
30         0      3      0      0      4      0      5     13      8     33
31         0      0      0      0      1      0      2      1      0      4
32         0      1      0      1      0      0      3      1      0      6
33         0      0      0      0      0      0      1      0      0      1
35         0      1      0      0      0      0      1      0      0      2
38         0      0      0      0      0      0      0      1      0      1
39         0      0      0      0      0      0      0      1      0      1
