0    1.00    1.00
1    1.00    1.00
2    1.00    1.00
3    1.00    1.00
4    1.00    1.00
5    0.99    1.00
6    0.99    1.00
7    0.98    1.00
8    0.97    1.00
9    0.97    1.00
10    0.97    1.00
11    0.96    1.00
12    0.96    1.00
13    0.96    1.00
14    0.95    1.00
15    0.94    1.00
16    0.94    1.00
17    0.93    1.00
18    0.92    1.00
19    0.91    1.00
20    0.89    1.00
21    0.88    1.00
22    0.88    1.00
23    0.88    1.00
24    0.88    1.00
25    0.88    1.00
26    0.88    1.00
27    0.88    1.00
28    0.88    1.00
29    0.88    1.00
30    0.88    1.00
31    0.88    1.00
