33798764798754455455434532111111111111111111111111
53378874675443345556544454321111111111111111111111
75335654443322112454566545763111111111111111111111
66632333345554321224544555567421111111111111111111
56656654357776532211135555665642111111111111111111
54676655468865554321113554575454211111111111111111
54466566457766555542112355545654541111111111111111
45555566536766666554211135555555565211111111111111
44455456535656665653331113445567656631111111111111
65444545534656654553343111345546765675201111111111
77534543544554456533333211124445686565431111111111
66644445444665565323343441112455567644653111111111
66665444543687643333333454111354566655665321111111
66555654453698433333333445311254554576456652111111
55555665443685323333334444431134444566445662111111
55656666533553333333334444452113444466544441232111
55666666543344433344444444453112444465564322565321
55565655653334443444444444444112344455543323676554
55665555653334544444444443344111234445543124566666
66666545654444444444444443454111333566532125444555
66555545654464344433444443455113333443321113433555
76555555564475434443344443445112234433211111454346
77655555464454343443334444455211234433211111245534
77754445653554344444444444545211122331111111135553
77755557863543334434434345646311111111111111134664
76655679973553333344443466756411111111111111135453
66677779873554456654344577755421111111111111125543
88899868853556788743344556665441011111111111112542
99999877853668987643444445467554111111111111112533
99999877744567765533444454468645211111111111025534
98899877535555443222345433467755311111111101256335
99888777546543222222344433566764431111111124664336
89998777445442223332233445666665453211112466653335
77777785355223332222233346644566535432235665444344
78768985355332222222333334434455444555555545763343
77788874476322222233322334444454345434555567653335
76899863586333334554322234444344444444444445542336
77888753686322235665422333334445554433455555432334
77888643785222246544322222354444665344345566532357
87677534785222245565222223545444567655434445532367
87767535886332233443222235544565468755324545433456
65567536886332232332222245544566457555322554333466
55666447886322222222222255454566544564321343333444
56774356776432222222223455455566534543322333434422
56863466665665332222134554666555535433323334434422
55653577544455433343246545776445645455433335334323
65433577533323333455456546654456654566553255234333
77533455433333333345555554443455443566643463245433
77534654433333333333444554565433343456534642355334
66436865333333333333334456864333333455345423464344
