69 45678901234567890123456789012345678901234567890123456789012345678901234567890
68 45678901234567890123456789012345678901234567890123456789012345678901234567890
67 45678901234567890123456789012345678901234567890123456789012345678901234567890
66 45678901234567890123456789012345678901234567890123456789012345678901234567890
65 45678901234567890123456789012345678901234567890123456789012345678901234567890
64 45678901234567890123456789012345678901234567890123456789012345678901234567890
63 45678901234567890123456789012345678901234567890123456789012345678901234567890
62 45678901234567890123456789012345678901234567890123456789012345678901234567890
61 45678901234567890123456789012345678901234567890123456789012345678901234567890
60 45678901234567890123456789012345678901234567890123456789012345678901234567890
59 45678901234567890123456789012345678901234567890123456789012345678901234567890
58 45678901234567890123456789012345678901234567890123456789012345678901234567890
57 45678901234567890123456789012345678901234567890123456789012345678901234567890
56 45678901234567890123456789012345678901234567890123456789012345678901234567890
55 45678901234567890123456789012345678901234567890123456789012345678901234567890
54 45678901234567890123456789012345678901234567890123456789012345678901234567890
53 45678901234567890123456789012345678901234567890123456789012345678901234567890
52 45678901234567890123456789012345678901234567890123456789012345678901234567890
51 45678901234567890123456789012345678901234567890123456789012345678901234567890
50 45678901234567890123456789012345678901234567890123456789012345678901234567890
49 45678901234567890123456789012345678901234567890123456789012345678901234567890
48 45678901234567890123456789012345678901234567890123456789012345678901234567890
47 45678901234567890123456789012345678901234567890123456789012345678901234567890
46 45678901234567890123456789012345678901234567890123456789012345678901234567890
45 45678901234567890123456789012345678901234567890123456789012345678901234567890
44 45678901234567890123456789012345678901234567890123456789012345678901234567890
43 45678901234567890123456789012345678901234567890123456789012345678901234567890
42 45678901234567890123456789012345678901234567890123456789012345678901234567890
41 45678901234567890123456789012345678901234567890123456789012345678901234567890
40 45678901234567890123456789012345678901234567890123456789012345678901234567890
39 45678901234567890123456789012345678901234567890123456789012345678901234567890
38 45678901234567890123456789012345678901234567890123456789012345678901234567890
37 45678901234567890123456789012345678901234567890123456789012345678901234567890
36 45678901234567890123456789012345678901234567890123456789012345678901234567890
35 45678901234567890123456789012345678901234567890123456789012345678901234567890
34 45678901234567890123456789012345678901234567890123456789012345678901234567890
33 45678901234567890123456789012345678901234567890123456789012345678901234567890
32 45678901234567890123456789012345678901234567890123456789012345678901234567890
31 45678901234567890123456789012345678901234567890123456789012345678901234567890
30 45678901234567890123456789012345678901234567890123456789012345678901234567890
29 45678901234567890123456789012345678901234567890123456789012345678901234567890
28 45678901234567890123456789012345678901234567890123456789012345678901234567890
27 45678901234567890123456789012345678901234567890123456789012345678901234567890
26 45678901234567890123456789012345678901234567890123456789012345678901234567890
25 45678901234567890123456789012345678901234567890123456789012345678901234567890
24 45678901234567890123456789012345678901234567890123456789012345678901234567890
23 45678901234567890123456789012345678901234567890123456789012345678901234567890
22 45678901234567890123456789012345678901234567890123456789012345678901234567890
21 45678901234567890123456789012345678901234567890123456789012345678901234567890
20 45678901234567890123456789012345678901234567890123456789012345678901234567890
19 45678901234567890123456789012345678901234567890123456789012345678901234567890
18 45678901234567890123456789012345678901234567890123456789012345678901234567890
17 45678901234567890123456789012345678901234567890123456789012345678901234567890
16 45678901234567890123456789012345678901234567890123456789012345678901234567890
15 45678901234567890123456789012345678901234567890123456789012345678901234567890
14 45678901234567890123456789012345678901234567890123456789012345678901234567890
13 45678901234567890123456789012345678901234567890123456789012345678901234567890
12 45678901234567890123456789012345678901234567890123456789012345678901234567890
11 45678901234567890123456789012345678901234567890123456789012345678901234567890
10 45678901234567890123456789012345678901234567890123456789012345678901234567890
9  45678901234567890123456789012345678901234567890123456789012345678901234567890
8  45678901234567890123456789012345678901234567890123456789012345678901234567890
7  45678901234567890123456789012345678901234567890123456789012345678901234567890
6  45678901234567890123456789012345678901234567890123456789012345678901234567890
5  45678901234567890123456789012345678901234567890123456789012345678901234567890
4  45678901234567890123456789012345678901234567890123456789012345678901234567890
3  45678901234567890123456789012345678901234567890123456789012345678901234567890
2  45678901234567890123456789012345678901234567890123456789012345678901234567890
1  45678901234567890123456789012345678901234567890123456789012345678901234567890
